"","a","c","g","t"
"JAE014",0.152900291500897,0.347094960927486,0.342860127045016,0.157144620526601
"TAF008",0.171315305111143,0.329888149511539,0.323216055500496,0.175580489876823
"VLC004",0.191627571273908,0.296282930350054,0.32479249368459,0.187297004691447
"GOY005",0.171665029572196,0.330017346235031,0.322096595540137,0.176221028652636
"KNP001",0.160419453513063,0.342101570612062,0.333168071393158,0.164310904481717
"KNP004",0.159449018541227,0.342593190178958,0.335318685979292,0.162639105300523
"OAK002",0.136650868878357,0.372827804107425,0.341232227488152,0.149289099526066
"KNP005",0.156827370544099,0.344981357610073,0.33590533551676,0.162285936329068
"OAK005",0.163188636301314,0.339649546165026,0.327940329613075,0.169221487920586
"EBO003",0.153869811724433,0.351077770646127,0.337224540008558,0.157827877620881
"EMN001",0.177726166777262,0.32304799823048,0.319011280690113,0.180214554302146
"PES001",0.160095989029825,0.346017597988801,0.334018969260656,0.159867443720718
"MTM009",0.162867230825322,0.339934373380922,0.331951720300117,0.165246675493639
"ECO002",0.160621296462561,0.340246603220207,0.33366253666128,0.165469563655953
"KNP009",0.15787106300175,0.344382840994651,0.335983259506977,0.161762836496622
"VLC009",0.163299301450833,0.334228909188608,0.336257388500806,0.166214400859753
"JAE008",0.16266559375326,0.338176345239692,0.332200813626,0.166957247381048
"DJA002",0.154664256916447,0.346906714861671,0.339566244960378,0.158862783261504
"ECO004",0.157156220767072,0.34197514365896,0.342509688627556,0.158358946946412
