"","a","c","g","t"
"JAE014",0.191000539459905,0.293318101524239,0.317583219623647,0.198098139392208
"TAF008",0.119346367084914,0.361540706156989,0.376714327400058,0.142398599358039
"VLC004",0.205106053194936,0.283246834920373,0.304902141391555,0.206744970493136
"GOY005",0.186180069415848,0.294855579739985,0.324291134772634,0.194673216071534
"KNP001",0.114626318202659,0.365887207702889,0.39569005043558,0.123796423658872
"KNP004",0.0987275120666959,0.402369460289601,0.386573058358929,0.112329969284774
"OAK002",0.156840101126752,0.323691438559256,0.35408408502138,0.165384375292612
"OAK005",0.144347760099158,0.33417651076316,0.366225684870867,0.155250044266815
"EBO003",0.0595991561181435,0.434599156118143,0.421413502109705,0.0843881856540084
"EMN001",0.13927090154988,0.344466273739358,0.378301680855708,0.137961143855053
"OME005",0.106709781729992,0.382376717865804,0.395311236863379,0.115602263540825
"PES001",0.103542234332425,0.373297002724796,0.414713896457766,0.108446866485014
"MTM009",0.0916808149405773,0.405772495755518,0.404414261460102,0.098132427843803
"OME003",0.174695863746959,0.290024330900243,0.330900243309002,0.204379562043796
"KNP009",0.0941739824421389,0.381484437350359,0.418994413407821,0.105347166799681
"VLC009",0.208427882676554,0.279103642130987,0.301861694123595,0.210606781068864
"JAE008",0.173906620669279,0.3093700848982,0.336099549005466,0.180623745427054
"OME002",0.177263479145473,0.282299084435402,0.314598168870804,0.225839267548321
"DJA002",0.134446397188049,0.348857644991213,0.362697715289982,0.153998242530756
"ECO004",0.112759643916914,0.390702274975272,0.364985163204748,0.131552917903066
"FUM002",0.0970933828076685,0.376004947433519,0.431663574520717,0.0952380952380952
