"","a","c","g","t"
"JAE014",0.176136518240656,0.326932421138559,0.323896522905289,0.173034537715496
"TAF008",0.17892554283834,0.32382383374498,0.32095354009491,0.17629708332177
"VLC004",0.184092871181646,0.318796495288477,0.31630939916607,0.180801234363807
"GOY005",0.154864863749138,0.345814223260691,0.345603685646701,0.153717227343469
"KNP001",0.147847182602707,0.354848657733644,0.352170806798966,0.145133352864684
"KNP004",0.142142880035896,0.36014230313131,0.357155219383994,0.1405595974488
"OAK002",0.151987579057926,0.349759115921182,0.346905039157933,0.151348265862959
"KNP005",0.117587396037596,0.38089120292109,0.381094056393265,0.120427344648049
"OAK005",0.164833180086694,0.338372684881124,0.335659398397478,0.161134736634704
"EBO003",0.1546192197628,0.350091814153505,0.344237680947124,0.15105128513657
"EMN001",0.144979838255502,0.357613029668176,0.353986168367462,0.14342096370886
"OME005",0.149294604241818,0.353812158869856,0.348429620956014,0.148463615932312
"PES001",0.155722619945893,0.345878498997,0.345496622927287,0.152902258129819
"MTM009",0.174344865966241,0.328677793884668,0.325814457604222,0.171162882544869
"ECO002",0.166484519731844,0.336281003851741,0.333075662059682,0.164158814356733
"OME003",0.148727984344423,0.358378823771758,0.346662890101967,0.146230301781852
"KNP009",0.146766492188436,0.355236344747673,0.352439365485276,0.145557797578615
"VLC009",0.176204564666103,0.327418735111043,0.323299777145931,0.173076923076923
"JAE008",0.179838474262917,0.323207161623042,0.321510168337063,0.175444195776978
"OME002",0.144816626939322,0.361121565675574,0.350541546439175,0.143520260945929
"DJA002",0.138544315700817,0.364575241428373,0.360609356218263,0.136271086652548
"ECO004",0.161038026346956,0.341781608148243,0.339071297122971,0.15810906838183
"FUM002",0.145848872568707,0.355671581846348,0.354335549125841,0.144143996459103
