"","a","c","g","t"
"JAE014",0.141610959080002,0.358441204086382,0.359259764543492,0.140688072290124
"TAF008",0.125728044026599,0.375519376289842,0.375413895895437,0.123338683788122
"VLC004",0.139289419722728,0.362879573880579,0.361719509505175,0.136111496891518
"GOY005",0.145162935675829,0.359404930575234,0.353862283933126,0.141569849815812
"KNP001",0.143115562933925,0.359807108345773,0.356579846821333,0.140497481898969
"KNP004",0.145040943922818,0.358418149396028,0.354746559527513,0.141794347153642
"OAK002",0.132976486331485,0.369145478875932,0.364442745173007,0.133435289619576
"KNP005",0.137948869156665,0.365388798391346,0.361459003001726,0.135203329450264
"OAK005",0.132108939377223,0.369397506513787,0.368446960374108,0.130046593734883
"EBO003",0.139926306274062,0.362278540258525,0.359970449091218,0.137824704376196
"EMN001",0.141290206939618,0.361904376434671,0.358510312288594,0.138295104337117
"OME005",0.114481525625745,0.387991656734207,0.382419547079857,0.115107270560191
"PES001",0.125448662595325,0.377292730885673,0.37346414340557,0.123794463113432
"MTM009",0.141310435904156,0.361287106835828,0.359303622171864,0.138098835088152
"ECO002",0.134553612399939,0.366430428797226,0.365461683577219,0.133554275225616
"OME003",0.103905216851537,0.398996032709902,0.39602731222843,0.101071438210131
"KNP009",0.138567680936277,0.365182211827175,0.361195269852307,0.135054837384241
"VLC009",0.140173610424535,0.361327190398038,0.361030589444961,0.137468609732466
"JAE008",0.135327531039116,0.366410142674424,0.365548842196833,0.132713484089627
"OME002",0.10673496995099,0.397800102011399,0.391147184707161,0.10431774333045
"DJA002",0.136833591222394,0.366225910817274,0.363131242087495,0.133809255872837
"ECO004",0.137139236304935,0.362657091561939,0.364022449195118,0.136181222938008
"FUM002",0.122490281729652,0.382609305494329,0.373552278283172,0.121348134492847
