"","a","c","g","t"
"JAE014",0.190978106934739,0.311633738072574,0.305984414056756,0.19140374093593
"TAF008",0.199145260829934,0.302774913704218,0.298949507628398,0.19913031783745
"VLC004",0.204691176470588,0.297308823529412,0.293308823529412,0.204691176470588
"GOY005",0.182587487528177,0.319130852518384,0.311444514245593,0.186837145707845
"KNP001",0.136557323557074,0.362070289256991,0.363212345726405,0.138160041459529
"KNP004",0.131142899515983,0.367245958663089,0.369484030146553,0.132127111674374
"OAK002",0.199138199270204,0.300338497223191,0.299423894698134,0.201099408808471
"KNP005",0.137377900225415,0.359275029030716,0.362439946264715,0.140907124479155
"OAK005",0.164288626172034,0.322054626987362,0.339176518548716,0.174480228291887
"EBO003",0.100681302043906,0.393641180923543,0.389856169568509,0.115821347464042
"EMN001",0.189628125865092,0.310510288825321,0.300913536956722,0.198948048352865
"OME005",0.202026519889917,0.29916882106024,0.297049175770717,0.201755483279126
"PES001",0.167529509215158,0.338165251604887,0.323669496790226,0.170635742389729
"MTM009",0.155783212161269,0.3433575677462,0.336748182419035,0.164111037673496
"ECO002",0.17950555356503,0.316015764958796,0.324614833393049,0.179863848083124
"OME003",0.193133939781401,0.308418125659532,0.304844138738475,0.193603795820592
"KNP009",0.134269163677056,0.365665010038508,0.364480136918672,0.135585689365764
"VLC009",0.202328934719916,0.298144425995514,0.295260566867663,0.204266072416907
"JAE008",0.186879119435341,0.315343459632271,0.310372765559878,0.18740465537251
"OME002",0.195557621932929,0.305664706941028,0.302560141580179,0.196217529545864
"DJA002",0.133369185264856,0.360311911804248,0.359505243344985,0.14681365958591
"ECO004",0.202170614722005,0.300092991386061,0.293216523101018,0.204519870790916
"FUM002",0.163581790895448,0.339669834917459,0.332666333166583,0.16408204102051
