"","a","c","g","t"
"JAE014",0.20477083891718,0.2953095684803,0.294827124095417,0.205092468507103
"TAF008",0.131682611142375,0.375914462577378,0.353967360720315,0.138435565559932
"VLC004",0.195001373249107,0.316121944520736,0.293875308981049,0.195001373249107
"GOY005",0.1279261457303,0.356083086053412,0.361358391031982,0.154632377184306
"KNP001",0.153140096618357,0.333574879227053,0.353864734299517,0.159420289855072
"KNP004",0.139384920634921,0.357638888888889,0.364087301587302,0.138888888888889
"OAK002",0.136680613668061,0.364714086471409,0.331938633193863,0.166666666666667
"KNP005",0.145590682196339,0.363560732113145,0.331946755407654,0.158901830282862
"OAK005",0.165364583333333,0.347005208333333,0.330078125,0.157552083333333
"EBO003",0.150195694716243,0.357142857142857,0.342465753424658,0.150195694716243
"OME005",0.19283855889227,0.313974511619703,0.307889050579883,0.185297878908145
"MTM009",0.123456790123457,0.374228395061728,0.384259259259259,0.118055555555556
"OME003",0.17970168612192,0.316018158236057,0.322632944228275,0.181647211413748
"KNP009",0.160944206008584,0.354613733905579,0.33637339055794,0.148068669527897
"VLC009",0.20742570551688,0.289093495022082,0.291676023654465,0.211804775806572
"JAE008",0.193826061145741,0.30750964677946,0.314930246363906,0.183734045710893
"OME002",0.189582192121906,0.308799362581545,0.31432697574822,0.187291469548329
"DJA002",0.13359375,0.3984375,0.34765625,0.1203125
