"","a","c","g","t"
"JAE014",0.209774925595238,0.284954737103175,0.305555555555556,0.199714781746032
"TAF008",0.210096294134812,0.28695652173913,0.30510650714911,0.197840676976948
"VLC004",0.209744025522907,0.285925130819804,0.300699196445876,0.203631647211414
"GOY005",0.222048230504228,0.278645250771778,0.301507762516219,0.197798756207776
"KNP001",0.165622532245328,0.322795472492761,0.34430113187681,0.167280863385101
"KNP004",0.171777034962508,0.319938567169573,0.338476827174993,0.169807570692926
"OAK002",0.228793309438471,0.271405814416567,0.288132218239745,0.211668657905217
"KNP005",0.174704758396832,0.315799166647483,0.33610350146182,0.173392573493865
"OAK005",0.204067321178121,0.297087699034733,0.306121607128125,0.192723372659022
"EBO003",0.174305012030032,0.316868133460881,0.338203322028002,0.170623532481085
"EMN001",0.229206536140144,0.273369645223024,0.293390254673929,0.204033563962903
"PES001",0.207516002477803,0.286392731777824,0.296303943836465,0.209787321907908
"MTM009",0.172044054145844,0.325117655620785,0.33739265440784,0.16544563582553
"ECO002",0.217873831775701,0.287967289719626,0.29088785046729,0.203271028037383
"OME003",0.25407393825491,0.250842291031606,0.262760422635282,0.232323348078201
"KNP009",0.183863090014118,0.310222459648186,0.330808562597779,0.175105887739917
"VLC009",0.218688490624676,0.280948927794468,0.297731275251217,0.202631306329638
"JAE008",0.225538635995464,0.273448890328851,0.286145310221934,0.21486716345375
"OME002",0.252435700635945,0.250289777889164,0.263400269415119,0.233874252059773
"DJA002",0.174465124369456,0.313271873369282,0.342755261784658,0.169507740476605
"ECO004",0.219621731208458,0.274129391536428,0.293453434957785,0.212795442297328
