"","a","c","g","t"
"JAE014",0.22958019882223,0.271409990784374,0.272514558728374,0.226495251665022
"TAF008",0.206422952572491,0.28902013696189,0.292953336218528,0.211603574247091
"VLC004",0.225119150464468,0.276060220731696,0.278127760359538,0.220692868444298
"GOY005",0.199881074786616,0.297412137804591,0.300979894206112,0.201726893202681
"KNP001",0.214707461084273,0.28549614081848,0.289012900956929,0.210783497140319
"KNP004",0.216319498313831,0.28242710281137,0.286779295646991,0.214474103227808
"OAK002",0.190038684719536,0.304158607350097,0.30705996131528,0.198742746615087
"KNP005",0.204781182319129,0.294218168858347,0.297891783713641,0.203108865108883
"OAK005",0.213723795594557,0.284780392678279,0.287495013960909,0.214000797766254
"EBO003",0.204139287136599,0.296818996415771,0.298511549183592,0.200530167264038
"EMN001",0.202698087431694,0.309596994535519,0.293032786885246,0.194672131147541
"PES001",0.157714285714286,0.330285714285714,0.330857142857143,0.181142857142857
"MTM009",0.214915563539417,0.284118531824954,0.288224517582316,0.212741387053314
"ECO002",0.211572327044025,0.28940251572327,0.291163522012579,0.207861635220126
"OME003",0.20679117147708,0.301188455008489,0.27402376910017,0.217996604414261
"KNP009",0.213341506735198,0.286807815029629,0.287900221624935,0.211950456610239
"VLC009",0.227268145796324,0.272297186629877,0.273878368673697,0.226556298900102
"JAE008",0.220129512845473,0.280561786656509,0.281097896474373,0.218210804023645
"OME002",0.216569267789618,0.292196631144723,0.27569611550361,0.215537985562049
"DJA002",0.210324295429573,0.28985388887239,0.29192528138271,0.207896534315327
"ECO004",0.220057243505064,0.278181417877587,0.282034346103038,0.219726992514311
