"","a","c","g","t"
"JAE014",0.23543490951547,0.265884413309982,0.258867483946293,0.239813193228255
"TAF008",0.218554861730598,0.258697591436218,0.300624442462087,0.222123104371097
"VLC004",0.248440486063534,0.251457349246986,0.248284234185507,0.251817930503972
"GOY005",0.220553748757491,0.283263045135639,0.274616149236159,0.221567056870712
"KNP001",0.219192634560907,0.288951841359773,0.282932011331445,0.208923512747875
"KNP004",0.215497737556561,0.263009049773756,0.295814479638009,0.225678733031674
"OAK002",0.220553359683794,0.279051383399209,0.267588932806324,0.232806324110672
"KNP005",0.237984496124031,0.255813953488372,0.273643410852713,0.232558139534884
"OAK005",0.214877192982456,0.284631578947368,0.279438596491228,0.221052631578947
"EMN001",0.227761546590415,0.27966681171132,0.262261453347423,0.230310188350842
"MTM009",0.226497595102755,0.271097507651946,0.307389593353738,0.195015303891561
"KNP009",0.20890868596882,0.292013999363665,0.286477887368756,0.212599427298759
"VLC009",0.234946158404992,0.266870925538696,0.258417291929911,0.239765624126402
"JAE008",0.239937046492263,0.260094979274754,0.25637084008162,0.243597134151363
"DJA002",0.224368499257058,0.268945022288262,0.306835066864785,0.199851411589896
"ECO004",0.250836120401338,0.225195094760312,0.270345596432553,0.253623188405797
