"","a","c","g","t"
"JAE014",0.344281093795942,0.163937077330197,0.170420464569244,0.321361364304616
"VLC004",0.365153687606416,0.141567344744153,0.14972219732951,0.343556770319921
"GOY005",0.354796970334526,0.151388596675784,0.161098253734483,0.332716179255207
"KNP001",0.366478496451971,0.131787163617402,0.142238545421569,0.359495794509057
"KNP004",0.36724443163572,0.133146691918152,0.142368973609453,0.357239902836675
"OAK002",0.366507390329187,0.140186395107477,0.151498265606063,0.341807948957274
"KNP005",0.37442092300475,0.125139271682402,0.135929162024277,0.364510643288571
"OAK005",0.390061647674201,0.12140054975848,0.131621787515679,0.35691601505164
"EBO003",0.389104554865424,0.122929606625259,0.127070393374741,0.360895445134576
"EMN001",0.366429439333449,0.143985419198056,0.15129751779205,0.338287623676445
"OME005",0.383759946313872,0.118524909724219,0.126162400536861,0.371552743425047
"MTM009",0.378657961885934,0.129422312130756,0.136042849589665,0.355876876393646
"OME003",0.398239066632849,0.0988803942171818,0.102539947099533,0.400340592050437
"KNP009",0.368104632412956,0.132840961121175,0.14090339020166,0.358151016264209
"VLC009",0.348395407996869,0.156985845672168,0.167536364229339,0.327082382101624
"JAE008",0.349982014628102,0.156392800522242,0.166411318794047,0.327213866055608
"OME002",0.401611820013432,0.0934029033424601,0.0985173322312342,0.406467944412874
"DJA002",0.373252534949301,0.130217395652087,0.142017159656807,0.354512909741805
"ECO004",0.398797865874249,0.113729992571081,0.126291618828932,0.361180522725738
