"","a","c","g","t"
"JAE014",0.266384894818989,0.237586154504896,0.235058495283084,0.26097045539303
"TAF008",0.250729249535932,0.25417661097852,0.236873508353222,0.258220631132326
"VLC004",0.248948419692163,0.250405357772295,0.24911291270121,0.251533309834332
"GOY005",0.238267996416139,0.258787068724939,0.262165298238914,0.240779636620008
"KNP004",0.282676348547718,0.20850622406639,0.202282157676349,0.306535269709544
"OAK002",0.252567251348895,0.247220019725773,0.24824498636601,0.251967742559322
"OAK005",0.234093878781787,0.26856970549804,0.254799477334405,0.242536938385767
"EMN001",0.23210045119924,0.269947755877464,0.262378294941819,0.235573497981477
"OME005",0.263076079005121,0.235826627651792,0.242684711046086,0.258412582297001
"PES001",0.229586935638809,0.272200875226812,0.270306329384139,0.22790585975024
"MTM009",0.21407533715703,0.291892729809332,0.284141993489382,0.209889939544257
"ECO002",0.246265399165777,0.253201086429334,0.25407411000097,0.246459404403919
"OME003",0.268605840245427,0.2280422679241,0.236450403363254,0.26690148846722
"KNP009",0.346878097125867,0.167492566897919,0.166501486620416,0.319127849355798
"VLC009",0.264574224443056,0.23490526754112,0.235859532236796,0.264660975779027
"JAE008",0.272272291652549,0.231188468649868,0.230075217084055,0.266464022613527
"OME002",0.266189582355702,0.230408259033318,0.237212576255279,0.266189582355702
"ECO004",0.265047922101501,0.235835985054802,0.236696002828503,0.262420090015194
"FUM002",0.242240587695133,0.259320477502296,0.256106519742883,0.242332415059688
