"","a","c","g","t"
"JAE014",0.194273369232257,0.309612098152388,0.300744848934318,0.195369683681037
"TAF008",0.179786160984466,0.325559814403873,0.313536413153117,0.181117611458543
"VLC004",0.210260248733303,0.294219253800092,0.28459235375403,0.210928143712575
"GOY005",0.175372989980528,0.327947491263588,0.320300713097525,0.176378805658358
"KNP001",0.160269448636354,0.34017890339654,0.339828970102574,0.159722677864532
"KNP004",0.171716818491773,0.331579039392933,0.326281188257304,0.17042295385799
"OAK002",0.17684394834756,0.332020135697089,0.318012694243817,0.173123221711534
"KNP005",0.155487945420182,0.346056331535518,0.340893375743327,0.157562347300973
"OAK005",0.176156616492751,0.328211284513806,0.319567827130852,0.176064271862591
"EBO003",0.159591321317874,0.340466077373436,0.337091034324417,0.162851566984273
"EMN001",0.179034582132565,0.326729106628242,0.317279982265573,0.17695632897362
"OME005",0.2,0.297478991596639,0.29453781512605,0.207983193277311
"PES001",0.174922600619195,0.33952528379773,0.325593395252838,0.159958720330237
"MTM009",0.170736586411374,0.332085446881475,0.323769379152676,0.173408587554476
"ECO002",0.184350675952479,0.326505530520279,0.308275297009422,0.180868496517821
"OME003",0.21463978849967,0.282551222736286,0.275280898876405,0.22752808988764
"KNP009",0.161705530334296,0.340203260420966,0.337314279818407,0.160776929426331
"VLC009",0.192458094170916,0.310091701159414,0.304145990075236,0.193304214594434
"JAE008",0.212664246638376,0.286786134260443,0.283590674369855,0.216958944731326
"OME002",0.213749506124062,0.283287238245753,0.273014618727776,0.22994863690241
"DJA002",0.171334640836426,0.328122133957925,0.323070845032664,0.177472380172985
"ECO004",0.191538550456595,0.308114668824413,0.303144145185528,0.197202635533464
