"","a","c","g","t"
"JAE014",0.218302058439508,0.279852557847948,0.280182511513026,0.221662872199518
"TAF008",0.207005407364891,0.291504294676213,0.29173589503469,0.209754402924206
"VLC004",0.211580497398872,0.287657761857934,0.286210709208656,0.214551031534538
"GOY005",0.200386812795945,0.300113376164329,0.303425738612365,0.196074072427361
"KNP001",0.145030654719186,0.356517459861797,0.351350242982222,0.147101642436794
"KNP004",0.152283316462421,0.34970888702232,0.3458967787326,0.15211101778266
"OAK002",0.159038013964313,0.337729506077062,0.345487457977761,0.157745021980864
"KNP005",0.14774003077051,0.350773420932263,0.353050022869974,0.148436525427253
"OAK005",0.2072818155318,0.292476859042058,0.290832978911503,0.20940834651464
"EBO003",0.162454150548942,0.33698877079656,0.337589664626131,0.162967414028367
"EMN001",0.208707944585807,0.291687871077184,0.302459711620017,0.197144472716992
"PES001",0.201619339205131,0.296886109377947,0.303314131491504,0.198180419925418
"MTM009",0.105603765259597,0.382997499632299,0.405353728489484,0.10604500661862
"ECO002",0.210930286568821,0.287384514294454,0.288330491624985,0.21335470751174
"OME003",0.111483654652137,0.357082984073764,0.384744341994971,0.146689019279128
"KNP009",0.149814240132873,0.350793303903143,0.350050264434634,0.14934219152935
"VLC009",0.213755092259765,0.285206486141066,0.286313375098422,0.214725046500747
"JAE008",0.216993765873932,0.282377049180328,0.281643962133456,0.218985222812284
"OME002",0.0909090909090909,0.373015873015873,0.40981240981241,0.126262626262626
"DJA002",0.149939167386666,0.349161567894486,0.350404669123481,0.150494595595366
"ECO004",0.217986331482923,0.279717049721583,0.281059951587105,0.221236667208389
"FUM002",0.205160744500846,0.292539128595601,0.303815038071066,0.198485088832487
