"","a","c","g","t"
"JAE014",0.244619208606069,0.256719495528329,0.256583627049017,0.242077668816586
"TAF008",0.251709314227226,0.240736949846469,0.254042988741044,0.253510747185261
"VLC004",0.243418859087984,0.257988477672583,0.255670055130382,0.242922608109051
"GOY005",0.230205190102595,0.268338865419433,0.271288473144237,0.230167471333736
"KNP004",0.290514905149051,0.203794037940379,0.22059620596206,0.28509485094851
"OAK002",0.226387840896842,0.274341561568036,0.272695914627574,0.226574682907549
"OAK005",0.237665574375779,0.2638113259796,0.266557437577883,0.231965662066737
"EMN001",0.23249410621412,0.269926395162596,0.267946802958591,0.229632695664693
"OME005",0.25908338729405,0.243758543780128,0.240305057917836,0.256853011007986
"PES001",0.227476408877642,0.272725675224489,0.27415783647003,0.225640079427838
"MTM009",0.188653716052962,0.315647047453368,0.311394607132502,0.184304629361167
"ECO002",0.243230750516969,0.258776304585817,0.258593845031018,0.239399099866196
"OME003",0.264657232126447,0.231115603749311,0.239753721742327,0.264473442381915
"VLC009",0.2536969644456,0.248245386015077,0.247053981457413,0.251003668081911
"JAE008",0.243992900700828,0.257872940748157,0.257516458845302,0.240617699705713
"OME002",0.262628078374978,0.235574330397268,0.238540355923063,0.263257235304692
"ECO004",0.243045980456807,0.258325340207422,0.258175469096577,0.240453210239194
"FUM002",0.235209192692988,0.268768414849735,0.26591043017089,0.230111962286388
